{
  "dataset": {
    "name": "California Housing",
    "source": "sklearn.datasets.fetch_california_housing",
    "rows": 20640,
    "columns": 9
  },
  "run": {
    "seed": 42,
    "synth_rows": 20640,
    "doppel_version": "0.1.0",
    "scikit_learn_version": "1.8.0",
    "fit_gen_seconds": 1.94,
    "gen_command": "doppel gen housing_source.parquet -n 20640 -o housing_synth.parquet --seed 42",
    "diff_command": "doppel diff housing_source.parquet housing_synth.parquet --json benchmarks/results/housing.json",
    "note": "Reproduce with: uv run python benchmarks/run.py"
  },
  "report": {
    "real_label": "california_housing (real)",
    "synth_label": "doppel synth (seed=42)",
    "real_rows": 20640,
    "synth_rows": 20640,
    "avg_marginal": 0.006885228251507353,
    "marginals": [
      {
        "column": "MedInc",
        "type": "numeric",
        "metric": "ks",
        "value": 0.004990310077519378,
        "n_real": 20640,
        "n_synth": 20640,
        "null_rate_real": 0.0,
        "null_rate_synth": 0.0,
        "verbatim_rate": null
      },
      {
        "column": "HouseAge",
        "type": "numeric",
        "metric": "ks",
        "value": 0.005377906976744229,
        "n_real": 20640,
        "n_synth": 20640,
        "null_rate_real": 0.0,
        "null_rate_synth": 0.0,
        "verbatim_rate": null
      },
      {
        "column": "AveRooms",
        "type": "numeric",
        "metric": "ks",
        "value": 0.004699612403100795,
        "n_real": 20640,
        "n_synth": 20640,
        "null_rate_real": 0.0,
        "null_rate_synth": 0.0,
        "verbatim_rate": null
      },
      {
        "column": "AveBedrms",
        "type": "numeric",
        "metric": "ks",
        "value": 0.008381782945736438,
        "n_real": 20640,
        "n_synth": 20640,
        "null_rate_real": 0.0,
        "null_rate_synth": 0.0,
        "verbatim_rate": null
      },
      {
        "column": "Population",
        "type": "numeric",
        "metric": "ks",
        "value": 0.006540697674418672,
        "n_real": 20640,
        "n_synth": 20640,
        "null_rate_real": 0.0,
        "null_rate_synth": 0.0,
        "verbatim_rate": null
      },
      {
        "column": "AveOccup",
        "type": "numeric",
        "metric": "ks",
        "value": 0.0036821705426357543,
        "n_real": 20640,
        "n_synth": 20640,
        "null_rate_real": 0.0,
        "null_rate_synth": 0.0,
        "verbatim_rate": null
      },
      {
        "column": "Latitude",
        "type": "numeric",
        "metric": "ks",
        "value": 0.006056201550387594,
        "n_real": 20640,
        "n_synth": 20640,
        "null_rate_real": 0.0,
        "null_rate_synth": 0.0,
        "verbatim_rate": null
      },
      {
        "column": "Longitude",
        "type": "numeric",
        "metric": "ks",
        "value": 0.013905038759689958,
        "n_real": 20640,
        "n_synth": 20640,
        "null_rate_real": 0.0,
        "null_rate_synth": 0.0,
        "verbatim_rate": null
      },
      {
        "column": "MedHouseVal",
        "type": "numeric",
        "metric": "ks",
        "value": 0.00833333333333336,
        "n_real": 20640,
        "n_synth": 20640,
        "null_rate_real": 0.0,
        "null_rate_synth": 0.0,
        "verbatim_rate": null
      }
    ],
    "correlations": {
      "columns": [
        "MedInc",
        "HouseAge",
        "AveRooms",
        "AveBedrms",
        "Population",
        "AveOccup",
        "Latitude",
        "Longitude",
        "MedHouseVal"
      ],
      "frobenius_distance": 0.020676845117148658,
      "real_matrix": [
        [
          1.0,
          0.11903398993785665,
          0.32689543164129564,
          0.06204013383609907,
          0.004834345627652942,
          0.018766247966968855,
          0.07980912745971877,
          0.015175865414173973,
          0.6880752079585486
        ],
        [
          0.11903398993785665,
          1.0,
          0.15327742256198928,
          0.07774728275376108,
          0.2962442397735355,
          0.01319135663602974,
          0.011172673530605368,
          0.10819681311244818,
          0.10562341249320994
        ],
        [
          0.32689543164129564,
          0.15327742256198928,
          1.0,
          0.8476213257130463,
          0.07221284865893345,
          0.004852294991781336,
          0.10638896548625505,
          0.027540053873544728,
          0.15194828974145766
        ],
        [
          0.06204013383609907,
          0.07774728275376108,
          0.8476213257130463,
          1.0,
          0.06619740232676055,
          0.006181201268673104,
          0.0697211298887421,
          0.013344389639999102,
          0.04670051296948688
        ],
        [
          0.004834345627652942,
          0.2962442397735355,
          0.07221284865893345,
          0.06619740232676055,
          1.0,
          0.06986273036567665,
          0.10878474737766756,
          0.0997732228746456,
          0.024649678888894914
        ],
        [
          0.018766247966968855,
          0.01319135663602974,
          0.004852294991781336,
          0.006181201268673104,
          0.06986273036567665,
          1.0,
          0.0023661822637503485,
          0.002475816376705048,
          0.02373741295613439
        ],
        [
          0.07980912745971877,
          0.011172673530605368,
          0.10638896548625505,
          0.0697211298887421,
          0.10878474737766756,
          0.0023661822637503485,
          1.0,
          0.92466443391504,
          0.14416027687465932
        ],
        [
          0.015175865414173973,
          0.10819681311244818,
          0.027540053873544728,
          0.013344389639999102,
          0.0997732228746456,
          0.002475816376705048,
          0.92466443391504,
          1.0,
          0.045966615117978574
        ],
        [
          0.6880752079585486,
          0.10562341249320994,
          0.15194828974145766,
          0.04670051296948688,
          0.024649678888894914,
          0.02373741295613439,
          0.14416027687465932,
          0.045966615117978574,
          1.0
        ]
      ],
      "synth_matrix": [
        [
          1.0,
          0.11729419670622253,
          0.2986864416242953,
          0.05883161927424485,
          0.011196377632143518,
          0.00880993664738429,
          0.0830504852265793,
          0.0037989344122556393,
          0.6824578337824397
        ],
        [
          0.11729419670622253,
          1.0,
          0.13551599245522644,
          0.06969153387651238,
          0.2969249046090859,
          0.006727126309262843,
          0.03155797687032168,
          0.11407524490544844,
          0.08288562995487427
        ],
        [
          0.2986864416242953,
          0.13551599245522644,
          1.0,
          0.7496096267731344,
          0.07363856763199464,
          0.010905480206455289,
          0.08381461517725482,
          0.02861933761139526,
          0.15230871330822618
        ],
        [
          0.05883161927424485,
          0.06969153387651238,
          0.7496096267731344,
          1.0,
          0.06552967291467338,
          0.010765222063000754,
          0.06355056301114934,
          0.0018203361490583601,
          0.03411402532886828
        ],
        [
          0.011196377632143518,
          0.2969249046090859,
          0.07363856763199464,
          0.06552967291467338,
          1.0,
          0.07120593601518937,
          0.10795556545907653,
          0.0927211048007261,
          0.025818658588175388
        ],
        [
          0.00880993664738429,
          0.006727126309262843,
          0.010905480206455289,
          0.010765222063000754,
          0.07120593601518937,
          1.0,
          0.03126583799104474,
          0.0313228536499401,
          0.040472325812931205
        ],
        [
          0.0830504852265793,
          0.03155797687032168,
          0.08381461517725482,
          0.06355056301114934,
          0.10795556545907653,
          0.03126583799104474,
          1.0,
          0.9232277259651245,
          0.14135155485801348
        ],
        [
          0.0037989344122556393,
          0.11407524490544844,
          0.02861933761139526,
          0.0018203361490583601,
          0.0927211048007261,
          0.0313228536499401,
          0.9232277259651245,
          1.0,
          0.026896196883116136
        ],
        [
          0.6824578337824397,
          0.08288562995487427,
          0.15230871330822618,
          0.03411402532886828,
          0.025818658588175388,
          0.040472325812931205,
          0.14135155485801348,
          0.026896196883116136,
          1.0
        ]
      ]
    },
    "privacy": {
      "n_real": 20640,
      "n_synth": 20640,
      "n_features": 9,
      "min_distance": 0.0008228367658187007,
      "percentile_5": 0.015196389697332887,
      "percentile_25": 0.026732732961932,
      "percentile_50": 0.037118863970969716,
      "mean_distance": 0.04317134264274896
    },
    "dtype_mismatches": [],
    "invariant_issues": [],
    "calendar_fidelity": {}
  }
}
